Index       TIME             V(PCHG)          V(ENABLE)         V(OUT_T)          V(OUT_C)     
0        0.00000000e+00    7.00000000e-01    0.00000000e+00    6.58282886e-06    6.58282886e-06
1        2.50000000e-13    7.00000000e-01    0.00000000e+00    6.54674789e-06    6.53697564e-06
2        7.50000000e-13    7.00000000e-01    0.00000000e+00    6.51024734e-06    6.49057383e-06
3        1.75000000e-12    7.00000000e-01    0.00000000e+00    6.47247173e-06    6.44254661e-06
4        3.75000000e-12    7.00000000e-01    0.00000000e+00    6.47061316e-06    6.44017953e-06
5        7.75000000e-12    7.00000000e-01    0.00000000e+00    6.47168775e-06    6.44154680e-06
6        1.27500000e-11    7.00000000e-01    0.00000000e+00    6.47172723e-06    6.44159660e-06
7        1.77500000e-11    7.00000000e-01    0.00000000e+00    6.47243320e-06    6.44249531e-06
8        2.27500000e-11    7.00000000e-01    0.00000000e+00    6.47273206e-06    6.44287515e-06
9        2.77500000e-11    7.00000000e-01    0.00000000e+00    6.47327271e-06    6.44356350e-06
10       3.27500000e-11    7.00000000e-01    0.00000000e+00    6.47367660e-06    6.44407703e-06
11       3.77500000e-11    7.00000000e-01    0.00000000e+00    6.47415096e-06    6.44468101e-06
12       4.27500000e-11    7.00000000e-01    0.00000000e+00    6.47459637e-06    6.44524741e-06
13       4.77500000e-11    7.00000000e-01    0.00000000e+00    6.47504514e-06    6.44581881e-06
14       5.00000000e-11    7.00000000e-01    0.00000000e+00    6.47525897e-06    6.44609059e-06
15       5.05000000e-11    6.93000000e-01    0.00000000e+00   -1.35028159e-04   -1.35027538e-04
16       5.09500000e-11    6.86700000e-01    0.00000000e+00   -2.19716738e-04   -2.19696028e-04
17       5.18500000e-11    6.74100000e-01    0.00000000e+00   -3.13916096e-04   -3.13873570e-04
18       5.36500000e-11    6.48900000e-01    0.00000000e+00   -3.24835290e-04   -3.24789984e-04
19       5.72500000e-11    5.98500000e-01    0.00000000e+00   -3.35978619e-04   -3.35928216e-04
20       6.44500000e-11    4.97700000e-01    0.00000000e+00   -3.58373529e-04   -3.58314656e-04
21       7.36367945e-11    3.69084877e-01    0.00000000e+00   -2.71246505e-04   -2.71198955e-04
22       7.65327952e-11    3.28540867e-01    0.00000000e+00   -1.27527525e-04   -1.27505981e-04
23       7.94287959e-11    2.87996857e-01    0.00000000e+00    1.64556326e-04    1.64528723e-04
24       8.23247966e-11    2.47452848e-01    0.00000000e+00    6.31623976e-04    6.31543827e-04
25       8.52207973e-11    2.06908838e-01    0.00000000e+00    9.00040331e-04    9.00007678e-04
26       8.81167980e-11    1.66364828e-01    0.00000000e+00    6.42652800e-04    6.42749207e-04
27       9.10127987e-11    1.25820818e-01    0.00000000e+00    2.18632553e-04    2.18743120e-04
28       9.39087994e-11    8.52768085e-02    0.00000000e+00    5.48562408e-05    5.48896517e-05
29       9.97008008e-11    4.18878894e-03    0.00000000e+00    1.54214745e-05    1.54143169e-05
30       1.00000000e-10    0.00000000e+00    0.00000000e+00    1.56880237e-05    1.56822071e-05
31       1.00299199e-10    0.00000000e+00    0.00000000e+00    1.09558331e-04    1.09538223e-04
32       1.00897598e-10    0.00000000e+00    0.00000000e+00    1.88113993e-04    1.88090388e-04
33       1.01495996e-10    0.00000000e+00    0.00000000e+00    2.10017357e-04    2.10000180e-04
34       1.02692793e-10    0.00000000e+00    0.00000000e+00    1.07691301e-04    1.07699411e-04
35       1.05086387e-10    0.00000000e+00    0.00000000e+00   -1.56491909e-06   -1.55481685e-06
36       1.09873574e-10    0.00000000e+00    0.00000000e+00    1.11736421e-05    1.11697670e-05
37       1.14660761e-10    0.00000000e+00    0.00000000e+00    3.65947894e-06    3.66067846e-06
38       1.24235136e-10    0.00000000e+00    0.00000000e+00    9.03513239e-06    9.03447760e-06
39       1.43383886e-10    0.00000000e+00    0.00000000e+00    4.31656167e-06    4.31715492e-06
40       1.50000000e-10    0.00000000e+00    0.00000000e+00    8.43121905e-06    8.43074114e-06
41       1.50941074e-10    1.31750414e-02    0.00000000e+00    1.56247606e-04    1.56229884e-04
42       1.51761779e-10    2.46649010e-02    0.00000000e+00    1.64576025e-04    1.64564440e-04
43       1.52582483e-10    3.61547606e-02    0.00000000e+00    1.36050406e-04    1.36048791e-04
44       1.54223891e-10    5.91344798e-02    0.00000000e+00    4.49844872e-05    4.49938398e-05
45       1.57506708e-10    1.05093918e-01    0.00000000e+00    2.11139013e-05    2.11121812e-05
46       1.64072342e-10    1.97012795e-01    0.00000000e+00    6.66185880e-05    6.66088400e-05
47       1.70637977e-10    2.88931672e-01    0.00000000e+00    1.54525733e-04    1.54490575e-04
48       1.77203611e-10    3.80850548e-01    0.00000000e+00    3.13529322e-04    3.13439274e-04
49       1.83769245e-10    4.72769425e-01    0.00000000e+00    3.38437662e-04    3.38320562e-04
50       1.96900513e-10    6.56607179e-01    0.00000000e+00    3.34134128e-04    3.33984491e-04
51       2.00000000e-10    7.00000000e-01    0.00000000e+00    3.10495214e-04    3.10340476e-04
52       2.00678154e-10    7.00000000e-01    0.00000000e+00    1.57348154e-04    1.57220964e-04
53       2.01267643e-10    7.00000000e-01    0.00000000e+00    7.95720714e-05    7.94531509e-05
54       2.02446621e-10    7.00000000e-01    0.00000000e+00    3.01666570e-06    2.88981960e-06
55       2.04804576e-10    7.00000000e-01    0.00000000e+00    8.80378495e-06    8.57785954e-06
56       2.09520486e-10    7.00000000e-01    0.00000000e+00    6.74533683e-06    5.81093418e-06
57       2.18952306e-10    7.00000000e-01    0.00000000e+00    7.75177906e-06   -8.95413130e-06
58       2.28384126e-10    7.00000000e-01    0.00000000e+00    4.80900153e-06   -1.15496165e-04
59       2.37815946e-10    7.00000000e-01    0.00000000e+00    8.92803705e-07   -3.28409691e-04
60       2.46304584e-10    7.00000000e-01    0.00000000e+00   -3.25808217e-06   -5.45452533e-04
61       2.50000000e-10    7.00000000e-01    0.00000000e+00   -4.74226063e-06   -6.38915640e-04
62       2.50848864e-10    7.00000000e-01    0.00000000e+00   -1.03301234e-05   -6.47611796e-04
63       2.51697728e-10    7.00000000e-01    0.00000000e+00   -1.21464742e-05   -6.47358026e-04
64       2.52546591e-10    7.00000000e-01    0.00000000e+00   -1.29952896e-05   -6.45444032e-04
65       2.54244319e-10    7.00000000e-01    0.00000000e+00   -1.28092307e-05   -6.41928031e-04
66       2.57639774e-10    7.00000000e-01    0.00000000e+00   -1.26535250e-05   -6.44342616e-04
67       2.61035229e-10    7.00000000e-01    0.00000000e+00   -1.25633434e-05   -6.49857081e-04
68       2.64430685e-10    7.00000000e-01    0.00000000e+00   -1.24749901e-05   -6.55641131e-04
69       2.67826140e-10    7.00000000e-01    0.00000000e+00   -1.23882547e-05   -6.61310932e-04
70       2.71221595e-10    7.00000000e-01    0.00000000e+00   -1.22872991e-05   -6.66608748e-04
71       2.71715623e-10    7.00000000e-01    0.00000000e+00   -1.22731898e-05   -6.67376417e-04
72       2.72209650e-10    7.00000000e-01    0.00000000e+00   -1.22579204e-05   -6.68056275e-04
73       2.73197706e-10    7.00000000e-01    0.00000000e+00   -1.22274501e-05   -6.69417508e-04
74       2.74185761e-10    7.00000000e-01    0.00000000e+00   -1.22214395e-05   -6.70702839e-04
75       2.75173816e-10    7.00000000e-01    0.00000000e+00   -1.22570787e-05   -6.71897506e-04
76       2.76161871e-10    7.00000000e-01    0.00000000e+00   -1.22904062e-05   -6.73129291e-04
77       2.77149926e-10    7.00000000e-01    0.00000000e+00   -1.22729940e-05   -6.74542353e-04
78       2.78137982e-10    7.00000000e-01    0.00000000e+00   -1.22373279e-05   -6.76061546e-04
79       2.79126037e-10    7.00000000e-01    0.00000000e+00   -1.22046678e-05   -6.77454138e-04
80       2.80114092e-10    7.00000000e-01    0.00000000e+00   -1.21789007e-05   -6.78543343e-04
81       2.82090203e-10    7.00000000e-01    0.00000000e+00   -1.21303252e-05   -6.79664216e-04
82       2.84066313e-10    7.00000000e-01    0.00000000e+00   -1.20848994e-05   -6.79419041e-04
83       2.88018534e-10    7.00000000e-01    0.00000000e+00   -1.19934797e-05   -6.74910008e-04
84       2.91970755e-10    7.00000000e-01    0.00000000e+00   -1.19067932e-05   -6.63514507e-04
85       2.99875197e-10    7.00000000e-01    0.00000000e+00   -1.17469492e-05   -6.06998585e-04
86       3.00000000e-10    7.00000000e-01    0.00000000e+00   -1.17452343e-05   -6.05605326e-04
87       3.00124803e-10    7.00000000e-01    3.49449400e-03   -9.60324532e-06   -6.02221309e-04
88       3.00249607e-10    7.00000000e-01    6.98898800e-03   -7.95512944e-06   -5.99124023e-04
89       3.00499213e-10    7.00000000e-01    1.39779760e-02   -5.43013218e-06   -5.93385454e-04
90       3.00998427e-10    7.00000000e-01    2.79559520e-02   -3.20526815e-06   -5.83927562e-04
91       3.01996854e-10    7.00000000e-01    5.59119040e-02   -2.32355716e-06   -5.68189104e-04
92       3.03993707e-10    7.00000000e-01    1.11823808e-01   -2.36215210e-06   -5.36611737e-04
93       3.07987415e-10    7.00000000e-01    2.23647616e-01   -3.86088145e-06   -4.54465412e-04
94       3.10728587e-10    7.00000000e-01    3.00400436e-01   -1.25578571e-05   -3.85606830e-04
95       3.12056142e-10    7.00000000e-01    3.37571969e-01   -2.23432205e-05   -3.50562604e-04
96       3.13383697e-10    7.00000000e-01    3.74743502e-01   -3.75238981e-05   -3.15901358e-04
97       3.16038806e-10    7.00000000e-01    4.49086569e-01   -8.93188884e-05   -2.58750968e-04
98       3.18219857e-10    7.00000000e-01    5.10155996e-01   -1.35823678e-04   -3.24492753e-04
99       3.20400908e-10    7.00000000e-01    5.71225423e-01   -2.70733317e-04   -1.20349482e-03
100      3.22363854e-10    7.00000000e-01    6.26187907e-01   -3.59499934e-04   -2.20981093e-03
101      3.24022917e-10    7.00000000e-01    6.72641681e-01   -3.99766835e-04   -1.96037335e-03
102      3.25000000e-10    7.00000000e-01    7.00000000e-01   -3.77312691e-04   -1.16074595e-03
103      3.25165906e-10    7.00000000e-01    7.00000000e-01   -3.80711749e-04   -9.73504689e-04
104      3.25331813e-10    7.00000000e-01    7.00000000e-01   -3.81097997e-04   -7.69831068e-04
105      3.25663625e-10    7.00000000e-01    7.00000000e-01   -3.77495885e-04   -3.22248727e-04
106      3.26327251e-10    7.00000000e-01    7.00000000e-01   -3.56730683e-04    8.26139034e-04
107      3.27654501e-10    7.00000000e-01    7.00000000e-01   -3.06824852e-04    4.40400835e-03
108      3.30309003e-10    7.00000000e-01    7.00000000e-01   -2.23856829e-04    1.93445686e-02
109      3.32963504e-10    7.00000000e-01    7.00000000e-01   -1.65132717e-04    5.01295057e-02
110      3.35618005e-10    7.00000000e-01    7.00000000e-01   -1.26386325e-04    1.01677494e-01
111      3.38272507e-10    7.00000000e-01    7.00000000e-01   -1.03905635e-04    1.72105343e-01
112      3.40927008e-10    7.00000000e-01    7.00000000e-01   -9.33805299e-05    2.55522121e-01
113      3.46236011e-10    7.00000000e-01    7.00000000e-01   -9.53498991e-05    4.40364681e-01
114      3.51545013e-10    7.00000000e-01    7.00000000e-01   -1.09564091e-04    6.22892414e-01
115      3.52272323e-10    7.00000000e-01    7.00000000e-01   -1.11301763e-04    6.43659458e-01
116      3.53726942e-10    7.00000000e-01    7.00000000e-01   -1.14581382e-04    6.75726247e-01
117      3.56636181e-10    7.00000000e-01    7.00000000e-01   -1.17901679e-04    6.96956189e-01
118      3.59254495e-10    7.00000000e-01    7.00000000e-01   -1.15996079e-04    6.96729604e-01
119      3.64491124e-10    7.00000000e-01    7.00000000e-01   -1.02395353e-04    6.98142299e-01
120      3.68852021e-10    7.00000000e-01    7.00000000e-01   -8.53141054e-05    6.98501094e-01
121      3.73212917e-10    7.00000000e-01    7.00000000e-01   -6.71386877e-05    6.98910185e-01
122      3.75000000e-10    7.00000000e-01    7.00000000e-01   -5.99701238e-05    6.98987120e-01
123      3.75302012e-10    7.00000000e-01    6.91543653e-01   -6.54423759e-05    6.98997280e-01
124      3.75573824e-10    7.00000000e-01    6.83932942e-01   -6.56420872e-05    6.99005841e-01
125      3.76117446e-10    7.00000000e-01    6.68711518e-01   -6.19086431e-05    6.99024426e-01
126      3.77204690e-10    7.00000000e-01    6.38268670e-01   -5.07636913e-05    6.99074373e-01
127      3.79379179e-10    7.00000000e-01    5.77382975e-01   -4.07081142e-05    6.99195598e-01
128      3.83728158e-10    7.00000000e-01    4.55611586e-01   -2.24503472e-05    6.99441480e-01
129      3.88077136e-10    7.00000000e-01    3.33840196e-01   -1.34793803e-05    6.99645624e-01
130      3.92426114e-10    7.00000000e-01    2.12068806e-01   -1.30451350e-05    6.99741230e-01
131      3.96775092e-10    7.00000000e-01    9.02974158e-02   -8.15101201e-06    6.99767709e-01
132      4.00000000e-10    7.00000000e-01   -1.44328993e-15   -4.59470969e-06    6.99786628e-01
133      4.00869796e-10    7.00000000e-01    0.00000000e+00    4.78586079e-06    6.99821714e-01
134      4.01739591e-10    7.00000000e-01    0.00000000e+00    5.82975228e-06    6.99851957e-01
135      4.02609387e-10    7.00000000e-01    0.00000000e+00    5.15438442e-06    6.99878219e-01
136      4.04348978e-10    7.00000000e-01    0.00000000e+00    1.98374471e-06    6.99907682e-01
137      4.07828161e-10    7.00000000e-01    0.00000000e+00    1.01209861e-06    6.99922870e-01
138      4.14786526e-10    7.00000000e-01    0.00000000e+00    3.59990202e-06    6.99928324e-01
139      4.21744891e-10    7.00000000e-01    0.00000000e+00    4.48919932e-06    6.99933453e-01
140      4.35661621e-10    7.00000000e-01    0.00000000e+00    6.21167793e-06    6.99942659e-01
141      4.50000000e-10    7.00000000e-01    0.00000000e+00    6.48178591e-06    6.99950523e-01
142      4.50958796e-10    7.00000000e-01    0.00000000e+00    5.52420214e-07    6.99940949e-01
143      4.51743817e-10    7.00000000e-01    0.00000000e+00   -1.14783925e-06    6.99938251e-01
144      4.53313858e-10    7.00000000e-01    0.00000000e+00   -1.71064502e-06    6.99937623e-01
145      4.56453941e-10    7.00000000e-01    0.00000000e+00    8.27271356e-07    6.99944426e-01
146      4.62734106e-10    7.00000000e-01    0.00000000e+00    3.65464806e-06    6.99959083e-01
147      4.69014271e-10    7.00000000e-01    0.00000000e+00    5.89766348e-06    6.99975651e-01
148      4.81574602e-10    7.00000000e-01    0.00000000e+00    7.08139867e-06    6.99985995e-01
149      4.94134933e-10    7.00000000e-01    0.00000000e+00    7.14341075e-06    6.99986771e-01
150      5.00000000e-10    7.00000000e-01    0.00000000e+00    7.05521274e-06    6.99987712e-01
151      5.02512066e-10    7.00000000e-01    0.00000000e+00    1.16013633e-05    6.99993603e-01
152      5.05024132e-10    7.00000000e-01    0.00000000e+00    1.17318901e-05    6.99994420e-01
153      5.07536198e-10    7.00000000e-01    0.00000000e+00    1.12447165e-05    6.99994581e-01
154      5.12560331e-10    7.00000000e-01    0.00000000e+00    9.86106387e-06    6.99994383e-01
155      5.22608595e-10    7.00000000e-01    0.00000000e+00    8.35751601e-06    6.99994444e-01
156      5.42705124e-10    7.00000000e-01    0.00000000e+00    6.93547602e-06    6.99994297e-01
157      5.82898182e-10    7.00000000e-01    0.00000000e+00    6.57478329e-06    6.99994341e-01
158      6.42898182e-10    7.00000000e-01    0.00000000e+00    6.56256541e-06    6.99994208e-01
159      6.50000000e-10    7.00000000e-01    0.00000000e+00    6.61860884e-06    6.99994275e-01
160      6.51462020e-10    6.79531721e-01    0.00000000e+00   -2.01170670e-04    6.99881929e-01
161      6.52650590e-10    6.62891738e-01    0.00000000e+00   -2.49055619e-04    6.99852985e-01
162      6.55027731e-10    6.29611773e-01    0.00000000e+00   -2.58907245e-04    6.99840554e-01
163      6.59782011e-10    5.63051842e-01    0.00000000e+00   -1.86554253e-04    6.99879605e-01
164      6.61394804e-10    5.40472749e-01    0.00000000e+00   -1.75780917e-04    6.99903081e-01
165      6.64620388e-10    4.95314563e-01    0.00000000e+00   -1.49443263e-04    7.00017911e-01
166      6.65731063e-10    4.79765123e-01    0.00000000e+00   -1.36432596e-04    7.00100472e-01
167      6.67952411e-10    4.48666243e-01    0.00000000e+00   -1.11070759e-04    7.00349709e-01
168      6.72395108e-10    3.86468482e-01    0.00000000e+00   -3.45405724e-05    7.01514070e-01
169      6.76190144e-10    3.33337978e-01    0.00000000e+00    8.03958715e-05    7.03588632e-01
170      6.79263207e-10    2.90315097e-01    0.00000000e+00    2.19948917e-04    7.06632929e-01
171      6.81954810e-10    2.52632658e-01    0.00000000e+00    3.36278912e-04    7.11548620e-01
172      6.84377253e-10    2.18718463e-01    0.00000000e+00    3.71368913e-04    7.14320844e-01
173      6.86799695e-10    1.84804268e-01    0.00000000e+00    2.98761834e-04    6.70064068e-01
174      6.87129878e-10    1.80181702e-01    0.00000000e+00    2.80361512e-04    6.55106274e-01
175      6.87460062e-10    1.75559136e-01    0.00000000e+00    2.60872159e-04    6.38637944e-01
176      6.88120428e-10    1.66314005e-01    0.00000000e+00    2.20452349e-04    5.96126854e-01
177      6.88780795e-10    1.57068873e-01    0.00000000e+00    1.81357928e-04    5.40753878e-01
178      6.89441161e-10    1.47823741e-01    0.00000000e+00    1.45114700e-04    4.72768212e-01
179      6.90101528e-10    1.38578609e-01    0.00000000e+00    1.12612187e-04    3.92698010e-01
180      6.90761894e-10    1.29333478e-01    0.00000000e+00    8.30806988e-05    3.01825980e-01
181      6.91422261e-10    1.20088346e-01    0.00000000e+00    5.44868014e-05    2.03442759e-01
182      6.91621802e-10    1.17294778e-01    0.00000000e+00    4.59073013e-05    1.73223924e-01
183      6.92020883e-10    1.11707643e-01    0.00000000e+00    2.82593283e-05    1.16093634e-01
184      6.92419964e-10    1.06120508e-01    0.00000000e+00    1.04921110e-05    7.00304111e-02
185      6.92819045e-10    1.00533373e-01    0.00000000e+00   -6.93936956e-06    3.97665727e-02
186      6.93218126e-10    9.49462380e-02    0.00000000e+00   -2.30274089e-05    2.28028406e-02
187      6.93617207e-10    8.93591029e-02    0.00000000e+00   -3.47965309e-05    1.37760475e-02
188      6.94415369e-10    7.81848328e-02    0.00000000e+00   -4.51875571e-05    5.60431406e-03
189      6.95213531e-10    6.70105627e-02    0.00000000e+00   -3.99983305e-05    2.83148602e-03
190      6.96011693e-10    5.58362925e-02    0.00000000e+00   -2.59382854e-05    1.53400576e-03
191      6.97608018e-10    3.34877523e-02    0.00000000e+00    1.48222791e-06    3.99226493e-04
192      6.99204342e-10    1.11392120e-02    0.00000000e+00    1.53750626e-05    1.08372703e-04
193      7.00000000e-10   -3.33066907e-16    0.00000000e+00    1.81780496e-05    6.60272622e-05
194      7.00319265e-10    0.00000000e+00    0.00000000e+00    1.16085641e-04    1.54288464e-04
195      7.00638530e-10    0.00000000e+00    0.00000000e+00    1.82643342e-04    2.13056862e-04
196      7.00957795e-10    0.00000000e+00    0.00000000e+00    2.26027197e-04    2.49528164e-04
197      7.01596324e-10    0.00000000e+00    0.00000000e+00    2.07624348e-04    2.21568086e-04
198      7.02873384e-10    0.00000000e+00    0.00000000e+00    8.40774649e-05    8.88663359e-05
199      7.05427503e-10    0.00000000e+00    0.00000000e+00    2.49891380e-07    9.36153596e-07
200      7.10535740e-10    0.00000000e+00    0.00000000e+00    1.05903100e-05    1.11567255e-05
201      7.15643978e-10    0.00000000e+00    0.00000000e+00    5.33825230e-06    5.61477447e-06
202      7.25860454e-10    0.00000000e+00    0.00000000e+00    7.87493017e-06    8.04675831e-06
203      7.46293405e-10    0.00000000e+00    0.00000000e+00    5.69896217e-06    5.73867970e-06
204      7.50000000e-10    0.00000000e+00    0.00000000e+00    6.95441872e-06    7.01885145e-06
205      7.51271084e-10    1.77951812e-02    0.00000000e+00    1.53095160e-04    1.52940820e-04
206      7.52329628e-10    3.26147926e-02    0.00000000e+00    1.41233037e-04    1.41166957e-04
207      7.53388172e-10    4.74344041e-02    0.00000000e+00    9.95199540e-05    9.94361518e-05
208      7.55505259e-10    7.70736270e-02    0.00000000e+00    2.47842946e-05    2.45592263e-05
209      7.59739434e-10    1.36352073e-01    0.00000000e+00    3.49858511e-05    3.45297901e-05
210      7.63973608e-10    1.95630519e-01    0.00000000e+00    6.07059519e-05    5.96874028e-05
211      7.72441958e-10    3.14187410e-01    0.00000000e+00    1.95015286e-04    1.91395875e-04
212      7.80910307e-10    4.32744302e-01    0.00000000e+00    3.46708702e-04    3.40484842e-04
213      7.89378657e-10    5.51301194e-01    0.00000000e+00    3.32701519e-04    3.25390836e-04
214      8.00000000e-10    7.00000000e-01    0.00000000e+00    3.19553911e-04    3.11468193e-04
215      8.00770115e-10    7.00000000e-01    0.00000000e+00    1.49765433e-04    1.41707611e-04
216      8.01425753e-10    7.00000000e-01    0.00000000e+00    7.02050216e-05    6.21575405e-05
217      8.02737027e-10    7.00000000e-01    0.00000000e+00   -3.78996353e-06   -1.24874686e-05
218      8.05359577e-10    7.00000000e-01    0.00000000e+00    7.47112838e-06    4.36715031e-07
219      8.10604676e-10    7.00000000e-01    0.00000000e+00    1.32720753e-06   -5.76140948e-06
220      8.15849775e-10    7.00000000e-01    0.00000000e+00   -4.52754566e-07   -6.76487503e-07
221      8.26339974e-10    7.00000000e-01    0.00000000e+00   -8.39549482e-05   -4.74401955e-06
222      8.36830172e-10    7.00000000e-01    0.00000000e+00   -3.04673558e-04   -5.44826723e-06
223      8.46155278e-10    7.00000000e-01    0.00000000e+00   -5.44868922e-04   -1.07904047e-05
224      8.50000000e-10    7.00000000e-01    0.00000000e+00   -6.40149352e-04   -1.04091260e-05
225      8.50932511e-10    7.00000000e-01    0.00000000e+00   -6.49691207e-04   -1.65431302e-05
226      8.51865021e-10    7.00000000e-01    0.00000000e+00   -6.49359202e-04   -1.83396205e-05
227      8.52797532e-10    7.00000000e-01    0.00000000e+00   -6.47353074e-04   -1.90889838e-05
228      8.54662553e-10    7.00000000e-01    0.00000000e+00   -6.44243646e-04   -1.86970028e-05
229      8.58392596e-10    7.00000000e-01    0.00000000e+00   -6.47850774e-04   -1.83251513e-05
230      8.65852680e-10    7.00000000e-01    0.00000000e+00   -6.60323844e-04   -1.77734548e-05
231      8.73312765e-10    7.00000000e-01    0.00000000e+00   -6.71684077e-04   -1.73896766e-05
232      8.88232935e-10    7.00000000e-01    0.00000000e+00   -6.71757390e-04   -1.67826879e-05
233      9.00000000e-10    7.00000000e-01    0.00000000e+00   -5.98485120e-04   -1.64173864e-05
234      9.00718979e-10    7.00000000e-01    2.01314125e-02   -5.82827785e-04   -1.03939621e-05
235      9.01296318e-10    7.00000000e-01    3.62969177e-02   -5.72157464e-04   -8.32780953e-06
236      9.02450997e-10    7.00000000e-01    6.86279281e-02   -5.51832930e-04   -6.49901657e-06
237      9.04760355e-10    7.00000000e-01    1.33289949e-01   -5.11155262e-04   -6.69378842e-06
238      9.09379071e-10    7.00000000e-01    2.62613990e-01   -4.02244111e-04   -9.24041370e-06
239      9.13997787e-10    7.00000000e-01    3.91938032e-01   -2.74199663e-04   -4.36979967e-05
240      9.14530529e-10    7.00000000e-01    4.06854804e-01   -2.60221659e-04   -5.17484620e-05
241      9.15063271e-10    7.00000000e-01    4.21771576e-01   -2.46163631e-04   -6.04620519e-05
242      9.16128754e-10    7.00000000e-01    4.51605120e-01   -2.22784922e-04   -8.20966778e-05
243      9.17194238e-10    7.00000000e-01    4.81438664e-01   -2.15932236e-04   -1.06270328e-04
244      9.18259722e-10    7.00000000e-01    5.11272208e-01   -2.97437642e-04   -1.39518412e-04
245      9.20390689e-10    7.00000000e-01    5.70939296e-01   -1.12971752e-03   -3.27098508e-04
246      9.22199352e-10    7.00000000e-01    6.21581857e-01   -1.91824132e-03   -4.81086416e-04
247      9.23827149e-10    7.00000000e-01    6.67160162e-01   -1.70968563e-03   -5.40760841e-04
248      9.25000000e-10    7.00000000e-01    7.00000000e-01   -8.79901708e-04   -5.17289989e-04
249      9.25162780e-10    7.00000000e-01    7.00000000e-01   -7.19801572e-04   -5.20826031e-04
250      9.25325559e-10    7.00000000e-01    7.00000000e-01   -5.46931765e-04   -5.21709459e-04
251      9.25651119e-10    7.00000000e-01    7.00000000e-01   -1.69909920e-04   -5.19255221e-04
252      9.26302237e-10    7.00000000e-01    7.00000000e-01    7.76728020e-04   -4.99465544e-04
253      9.27604475e-10    7.00000000e-01    7.00000000e-01    3.62227265e-03   -4.44650272e-04
254      9.30208949e-10    7.00000000e-01    7.00000000e-01    1.48526596e-02   -3.42268290e-04
255      9.32813424e-10    7.00000000e-01    7.00000000e-01    3.74236262e-02   -2.60027931e-04
256      9.35417898e-10    7.00000000e-01    7.00000000e-01    7.63202850e-02   -1.95883543e-04
257      9.38022373e-10    7.00000000e-01    7.00000000e-01    1.32189168e-01   -1.48433692e-04
258      9.40626848e-10    7.00000000e-01    7.00000000e-01    2.01184222e-01   -1.14225615e-04
259      9.43231322e-10    7.00000000e-01    7.00000000e-01    2.78700992e-01   -9.02761126e-05
260      9.48440271e-10    7.00000000e-01    7.00000000e-01    4.45334226e-01   -6.18849435e-05
261      9.53649221e-10    7.00000000e-01    7.00000000e-01    6.10424794e-01   -4.77856771e-05
262      9.54429488e-10    7.00000000e-01    7.00000000e-01    6.32264933e-01   -4.62732554e-05
263      9.55990024e-10    7.00000000e-01    7.00000000e-01    6.68188659e-01   -4.35766292e-05
264      9.59111095e-10    7.00000000e-01    7.00000000e-01    6.96033770e-01   -3.87101954e-05
265      9.61920059e-10    7.00000000e-01    7.00000000e-01    6.96622471e-01   -3.33566752e-05
266      9.64729023e-10    7.00000000e-01    7.00000000e-01    6.97511309e-01   -2.74467176e-05
267      9.67537987e-10    7.00000000e-01    7.00000000e-01    6.97971718e-01   -2.14193914e-05
268      9.73155915e-10    7.00000000e-01    7.00000000e-01    6.98598818e-01   -9.36042939e-06
269      9.75000000e-10    7.00000000e-01    7.00000000e-01    6.98734498e-01   -5.66049290e-06
270      9.75328579e-10    7.00000000e-01    6.90799775e-01    6.98748599e-01   -1.17781923e-05
271      9.75621140e-10    7.00000000e-01    6.82608071e-01    6.98761138e-01   -1.22374001e-05
272      9.76206262e-10    7.00000000e-01    6.66224662e-01    6.98788520e-01   -9.03250882e-06
273      9.77376506e-10    7.00000000e-01    6.33457845e-01    6.98858596e-01    3.43708788e-07
274      9.79716993e-10    7.00000000e-01    5.67924210e-01    6.99019219e-01    6.55681743e-06
275      9.82057479e-10    7.00000000e-01    5.02390575e-01    6.99180417e-01    1.37393730e-05
276      9.86738453e-10    7.00000000e-01    3.71323305e-01    6.99492649e-01    2.36734035e-05
277      9.91419427e-10    7.00000000e-01    2.40256035e-01    6.99676659e-01    1.53433224e-05
278      9.96100401e-10    7.00000000e-01    1.09188765e-01    6.99723940e-01    1.23704870e-05
279      1.00000000e-09    7.00000000e-01   -1.44328993e-15    6.99748959e-01    1.34001873e-05
280      1.00046810e-09    7.00000000e-01    0.00000000e+00    6.99767826e-01    2.07638826e-05
281      1.00093619e-09    7.00000000e-01    0.00000000e+00    6.99787650e-01    2.32693769e-05
282      1.00187239e-09    7.00000000e-01    0.00000000e+00    6.99824131e-01    2.36475592e-05
283      1.00374478e-09    7.00000000e-01    0.00000000e+00    6.99868422e-01    1.74465056e-05
284      1.00748956e-09    7.00000000e-01    0.00000000e+00    6.99892078e-01    1.29509426e-05
285      1.01497912e-09    7.00000000e-01    0.00000000e+00    6.99900711e-01    1.19620500e-05
286      1.02246867e-09    7.00000000e-01    0.00000000e+00    6.99908499e-01    1.01114670e-05
287      1.03744779e-09    7.00000000e-01    0.00000000e+00    6.99922523e-01    8.97771548e-06
288      1.05000000e-09    7.00000000e-01    0.00000000e+00    6.99932249e-01    7.88532327e-06
289      1.05096005e-09    7.00000000e-01    0.00000000e+00    6.99923162e-01    1.88803414e-06
290      1.05173895e-09    7.00000000e-01    0.00000000e+00    6.99920899e-01    1.95290386e-07
291      1.05329676e-09    7.00000000e-01    0.00000000e+00    6.99921183e-01   -6.19956033e-07
292      1.05641238e-09    7.00000000e-01    0.00000000e+00    6.99930082e-01    1.62998477e-06
293      1.06264363e-09    7.00000000e-01    0.00000000e+00    6.99949929e-01    4.28063243e-06
294      1.06887487e-09    7.00000000e-01    0.00000000e+00    6.99971848e-01    6.43110546e-06
295      1.08133736e-09    7.00000000e-01    0.00000000e+00    6.99986183e-01    7.54107393e-06
296      1.09379984e-09    7.00000000e-01    0.00000000e+00    6.99986875e-01    7.43194846e-06
297      1.10000000e-09    7.00000000e-01    0.00000000e+00    6.99988064e-01    7.32885979e-06
298      1.10124625e-09    7.00000000e-01    0.00000000e+00    6.99993179e-01    1.15227708e-05
299      1.10373875e-09    7.00000000e-01    0.00000000e+00    6.99994658e-01    1.23543290e-05
300      1.10623124e-09    7.00000000e-01    0.00000000e+00    6.99994974e-01    1.20854165e-05
301      1.11121624e-09    7.00000000e-01    0.00000000e+00    6.99994652e-01    1.05992774e-05
302      1.12118623e-09    7.00000000e-01    0.00000000e+00    6.99994761e-01    9.03177678e-06
303      1.14112620e-09    7.00000000e-01    0.00000000e+00    6.99994495e-01    7.26980194e-06
304      1.18100616e-09    7.00000000e-01    0.00000000e+00    6.99994496e-01    6.67604361e-06
305      1.20000000e-09    7.00000000e-01    0.00000000e+00    6.99994300e-01    6.58251331e-06
End of Xyce(TM) Simulation
